{"valueMatrix": [[[0.0, 0.0, 0.0, 0.0, 0.0, 0.0, 0.0, 0.0], [0.125, 0.125, 0.125, 0.125, 0.125, 0.125, 0.125, 0.125], [0.25, 0.25, 0.25, 0.25, 0.25, 0.25, 0.25, 0.25], [0.375, 0.375, 0.375, 0.375, 0.375, 0.375, 0.375, 0.375], [0.5, 0.5, 0.5, 0.5, 0.5, 0.5, 0.5, 0.5], [0.625, 0.625, 0.625, 0.625, 0.625, 0.625, 0.625, 0.625], [0.75, 0.75, 0.75, 0.75, 0.75, 0.75, 0.75, 0.75], [0.875, 0.875, 0.875, 0.875, 0.875, 0.875, 0.875, 0.875]], [[0.0, 0.25, 0.5, 0.75, 0.75, 0.5, 0.25, 0.0], [0.0625, 0.3125, 0.5625, 0.8125, 0.8125, 0.5625, 0.3125, 0.0625], [0.125, 0.375, 0.625, 0.875, 0.875, 0.625, 0.375, 0.125], [0.1875, 0.4375, 0.6875, 0.9375, 0.9375, 0.6875, 0.4375, 0.1875], [0.25, 0.5, 0.75, 1.0, 1.0, 0.75, 0.5, 0.25], [0.3125, 0.5625, 0.8125, 1.0625, 1.0625, 0.8125, 0.5625, 0.3125], [0.375, 0.625, 0.875, 1.125, 1.125, 0.875, 0.625, 0.375], [0.4375, 0.6875, 0.9375, 1.1875, 1.1875, 0.9375, 0.6875, 0.4375]], [[0.0, 0.0, 0.0, 0.0, 0.0, 0.0, 0.0, 0.0], [0.02040816326530612, 0.02040816326530612, 0.02040816326530612, 0.02040816326530612, 0.02040816326530612, 0.02040816326530612, 0.02040816326530612, 0.02040816326530612], [0.08163265306122448, 0.08163265306122448, 0.08163265306122448, 0.08163265306122448, 0.08163265306122448, 0.08163265306122448, 0.08163265306122448, 0.08163265306122448], [0.1836734693877551, 0.1836734693877551, 0.1836734693877551, 0.1836734693877551, 0.1836734693877551, 0.1836734693877551, 0.1836734693877551, 0.1836734693877551], [0.32653061224489793, 0.32653061224489793, 0.32653061224489793, 0.32653061224489793, 0.32653061224489793, 0.32653061224489793, 0.32653061224489793, 0.32653061224489793], [0.5102040816326531, 0.5102040816326531, 0.5102040816326531, 0.5102040816326531, 0.5102040816326531, 0.5102040816326531, 0.5102040816326531, 0.5102040816326531], [0.7346938775510204, 0.7346938775510204, 0.7346938775510204, 0.7346938775510204, 0.7346938775510204, 0.7346938775510204, 0.7346938775510204, 0.7346938775510204], [1.0, 1.0, 1.0, 1.0, 1.0, 1.0, 1.0, 1.0]], [[1.0, 0.8571428571428571, 0.7142857142857143, 0.5714285714285714, 0.42857142857142855, 0.2857142857142857, 0.14285714285714285, 0.0], [0.8571428571428571, 1.0, 0.8571428571428571, 0.7142857142857143, 0.5714285714285714, 0.42857142857142855, 0.2857142857142857, 0.14285714285714285], [0.7142857142857143, 0.8571428571428571, 1.0, 0.8571428571428571, 0.7142857142857143, 0.5714285714285714, 0.42857142857142855, 0.2857142857142857], [0.5714285714285714, 0.7142857142857143, 0.8571428571428571, 1.0, 0.8571428571428571, 0.7142857142857143, 0.5714285714285714, 0.42857142857142855], [0.42857142857142855, 0.5714285714285714, 0.7142857142857143, 0.8571428571428571, 1.0, 0.8571428571428571, 0.7142857142857143, 0.5714285714285714], [0.2857142857142857, 0.42857142857142855, 0.5714285714285714, 0.7142857142857143, 0.8571428571428571, 1.0, 0.8571428571428571, 0.7142857142857143], [0.14285714285714285, 0.2857142857142857, 0.42857142857142855, 0.5714285714285714, 0.7142857142857143, 0.8571428571428571, 1.0, 0.8571428571428571], [0.0, 0.14285714285714285, 0.2857142857142857, 0.42857142857142855, 0.5714285714285714, 0.7142857142857143, 0.8571428571428571, 1.0]], [[0.0, 0.0, 0.0, 0.0, 0.0, 0.0, 0.0, 0.0], [0.1875, 0.1875, 0.1875, 0.1875, 0.1875, 0.1875, 0.1875, 0.1875], [0.30177669529663687, 0.30177669529663687, 0.30177669529663687, 0.30177669529663687, 0.30177669529663687, 0.30177669529663687, 0.30177669529663687, 0.30177669529663687], [0.40400635094610965, 0.40400635094610965, 0.40400635094610965, 0.40400635094610965, 0.40400635094610965, 0.40400635094610965, 0.40400635094610965, 0.40400635094610965], [0.5, 0.5, 0.5, 0.5, 0.5, 0.5, 0.5, 0.5], [0.5920084971874737, 0.5920084971874737, 0.5920084971874737, 0.5920084971874737, 0.5920084971874737, 0.5920084971874737, 0.5920084971874737, 0.5920084971874737], [0.6811862178478972, 0.6811862178478972, 0.6811862178478972, 0.6811862178478972, 0.6811862178478972, 0.6811862178478972, 0.6811862178478972, 0.6811862178478972], [0.7682189138830738, 0.7682189138830738, 0.7682189138830738, 0.7682189138830738, 0.7682189138830738, 0.7682189138830738, 0.7682189138830738, 0.7682189138830738]], [[0.07547169811320754, 0.13793103448275862, 0.3076923076923077, 0.8, 0.8, 0.3076923076923077, 0.13793103448275862, 0.07547169811320754], [0.07017543859649122, 0.12121212121212122, 0.23529411764705882, 0.4444444444444444, 0.4444444444444444, 0.23529411764705882, 0.12121212121212122, 0.07017543859649122], [0.057971014492753624, 0.08888888888888889, 0.13793103448275862, 0.19047619047619047, 0.19047619047619047, 0.13793103448275862, 0.08888888888888889, 0.057971014492753624], [0.0449438202247191, 0.06153846153846154, 0.08163265306122448, 0.0975609756097561, 0.0975609756097561, 0.08163265306122448, 0.06153846153846154, 0.0449438202247191], [0.03418803418803419, 0.043010752688172046, 0.05194805194805195, 0.057971014492753624, 0.057971014492753624, 0.05194805194805195, 0.043010752688172046, 0.03418803418803419], [0.026143790849673203, 0.031007751937984496, 0.035398230088495575, 0.0380952380952381, 0.0380952380952381, 0.035398230088495575, 0.031007751937984496, 0.026143790849673203], [0.02030456852791878, 0.023121387283236993, 0.025477707006369428, 0.026845637583892617, 0.026845637583892617, 0.025477707006369428, 0.023121387283236993, 0.02030456852791878], [0.01606425702811245, 0.017777777777777778, 0.019138755980861243, 0.01990049751243781, 0.01990049751243781, 0.019138755980861243, 0.017777777777777778, 0.01606425702811245]]]}